阿富汗	低收入国家	0	0	0	7.632964003	7.642071324	9.175090792	10.3060584	11.42282594	17.29986353	18.0339655	16.35724602	19.85651755	24.53287221	24.97416618	23.64495706	23.51170625	22.73393319	7.412856221	6.661888007	11.30631604	13.58707388
布隆迪	低收入国家	0.913784965	0.948937124	0.957882274	0.915092924	0.866496865	1.048045892	1.327690709	1.32013381	1.50665094	1.550994576	1.690672383	1.878879476	2.08355985	2.060472871	2.340259552	2.73939182	2.693205372	2.770732028	0	0	0
中非共和国	低收入国家	0	0	0	0	0	0	0	0	0	0	3.975485947	3.94161806	4.868300669	5.936817882	3.562626726	3.305166124	3.348394504	3.550421978	3.821500399	4.026976797	4.01898211
埃塞俄比亚	低收入国家	4.415484163	4.620062837	4.754601696	4.527161904	4.97590222	5.420900052	6.005823778	7.08686392	9.025462702	11.11945402	12.58653671	11.89540726	11.76676923	14.8125297	17.64026833	22.19664905	28.4491421	42.2851686	50.58822417	49.10894738	53.65704137
几内亚	低收入国家	1.330718858	1.130867243	1.06847831	1.117038128	2.043043001	2.059684269	1.786912133	4.802641418	7.185169586	8.824812444	8.438897705	7.2874891	7.104902015	8.042757703	9.047397637	9.728741692	10.65746203	9.392523942	10.34695316	11.49379512	11.63668327
冈比亚	低收入国家	0.58285693	0.529774704	0.455862805	0.405973702	0.288163474	0.50615912	0.6476597	0.700501929	0.832969477	0.873233314	0.700414158	0.70232761	0.773741052	0.813368197	0.77188205	0.800597824	0.875039547	0.829324457	0.672588132	0.710947462	0.724398502
马里	低收入国家	0	0	0	0	0	0	4.379598315	4.603641169	5.115206054	6.146412556	7.629513831	7.211865618	7.863110893	7.172940575	7.221204472	10.02857072	8.421281243	7.725796044	9.318225382	10.73719881	11.42730005
莫桑比克	低收入国家	7.984013824	7.219576941	7.812848538	6.985825788	8.909524731	11.36235381	11.49424466	13.07581356	14.31049438	14.79452104	12.49529757	11.08160939	14.10652661	14.14325528	13.89751482	14.21876562	13.06744856	10.12154186	10.84101679	12.93988056	13.84942066
南苏丹	低收入国家	0	0	0	0	0	0	0	0	0	2.681935638	3.192385488	3.403923814	3.075541653	3.240553898	7.402375254	3.736058644	4.240355141	0	0	0	0
乌干达	低收入国家	5.334646917	4.39657237	4.124557276	4.543804847	4.661608718	5.053431382	6.476062188	7.074766869	8.481556837	10.55155305	41.36171469	44.65813461	47.58608462	45.47496358	44.96283935	50.40377255	54.3442721	47.39733654	47.72463471	51.84161025	54.5842412
安哥拉	中低等收入国家	1.983015014	2.638613615	3.461027568	5.597318345	7.124751556	11.02692323	14.46628996	18.9242928	22.18727582	30.64973678	35.92289538	38.05983583	46.59175915	56.38537979	65.99453741	69.40376391	66.05777276	68.28570644	80.3641873	61.41467808	38.52688561
贝宁	中低等收入国家	4.843124223	4.922305947	5.733336374	6.561208654	8.423283287	9.166818153	10.29205294	10.85950727	11.22583382	11.98995399	11.8997451	11.1943857	12.54708363	11.93479627	13.67170241	13.79814513	11.42878266	11.73981451	12.21907961	13.0678772	14.19844689
不丹	中低等收入国家	0.361554412	0.360225834	0.39849591	0.398351821	0.447444676	0.506654016	0.582969864	0.683774229	0.975422277	1.055837946	1.036503358	1.383059454	1.509480293	1.613669878	1.498179113	1.590214568	1.64352108	1.64968532	1.839566979	1.818388788	1.801737567
科特迪瓦	中低等收入国家	20.51326695	18.49136172	18.10033962	17.68791937	18.89270679	20.67262669	24.71539571	25.35442367	29.65340719	34.77352018	32.62518675	31.44935178	33.83657798	37.457632	50.67167497	59.59188857	49.67237624	43.25463681	52.1654878	69.38535034	68.9865867
喀麦隆	中低等收入国家	19.50645162	17.93481874	18.61767107	20.84069746	25.59431603	28.24085295	28.63037598	29.39969444	27.98944161	32.45410314	35.14682536	37.8579341	43.14334303	43.88115473	48.51720876	50.46574501	45.35167352	48.51209641	52.94791225	55.18670115	55.40035944
刚果（布）	中低等收入国家	1.286342631	1.122206452	1.261609642	1.614500056	2.110718206	2.319195658	4.26332891	4.996575762	5.67364566	6.493290723	6.562769822	6.977852798	8.195820806	7.532802862	10.63007891	10.717728	9.393953181	10.91708794	12.00188427	10.28612737	10.50988264
印度	中低等收入国家	696.514019	746.0136947	743.0655941	801.1765954	947.2443728	1122.386781	1310.396921	1626.993116	2051.971732	2049.95249	2300.47372	2853.561899	2942.281796	2890.76073	2832.062465	3072.061751	3278.20066	3479.427115	3982.045375	4012.032752	3825.647652
肯尼亚	中低等收入国家	13.08246429	13.10631371	12.70023713	12.91583015	14.4708338	16.09661277	19.74240974	32.77092626	40.87593735	43.4179541	44.28224222	45.02115275	49.29738275	55.49580805	58.82430805	61.19036803	59.98213458	64.47564835	63.73995391	68.17191436	72.02756153
吉尔吉斯斯坦	中低等收入国家	1.619835232	2.479483289	2.690398291	2.095115544	2.54737036	3.389245716	3.162016785	3.115341607	3.771783376	6.794524069	6.673138465	8.083425615	11.32223327	7.973555723	11.56593673	10.21351584	9.383358594	10.51550403	11.5473371	11.79828909	13.05018618
柬埔寨	中低等收入国家	4.641690762	5.850416016	6.680950674	7.543383326	8.479998039	10.02594154	11.20455882	13.50499121	14.97416847	15.88749847	14.99653481	16.51926411	19.46574136	21.20515328	23.5890404	25.71795667	28.90478521	32.01715952	35.90172421	40.17337623	44.09279367
基里巴斯	中低等收入国家	0.0352	0.029780844	0.027832316	0.028456482	0.036641806	0.045380938	0.053140893	0.051121988	0.072671743	0.068495219	0.063687412	0.087653642	0.105177927	0.09453303	0.083587565	0.083540653	0.065795207	0.075044603	0.080717351	0.080207711	0
老挝	中低等收入国家	1.26523545	1.50802704	1.617301507	1.784419247	1.985308017	2.389823855	2.637519098	3.264915988	4.249073652	5.489154912	6.812416725	7.907865648	9.336635543	9.155677341	10.07375185	11.18225229	11.78584736	12.28349485	12.61206619	13.38046767	13.77313337
摩洛哥	中低等收入国家	76.6517538	71.86846292	66.45459285	71.17053688	91.20062333	106.0171553	104.9896925	110.9041843	119.5000183	139.6216921	143.981085	145.333365	157.0563295	149.6754902	165.7200642	181.5293292	163.2733529	161.9729799	172.1914981	185.1184198	178.5725427
毛里塔尼亚	中低等收入国家	2.112553958	1.757208264	1.770755313	2.08693857	2.198620081	2.541395567	2.830401657	3.324376508	3.178944997	2.877361998	3.976821806	3.774552292	3.884814384	4.387553874	4.627805123	4.887769428	4.587121772	3.910367198	5.212699581	5.508304237	0
尼日利亚	中低等收入国家	96.52424937	96.76573386	103.0899447	112.6679468	126.5301755	148.1365851	177.2099727	209.0198479	231.5636023	275.3213772	228.7877278	236.855909	290.4243203	351.8542786	454.2083504	526.7670553	458.9794356	351.2239763	328.4773192	383.2470125	516.3404321
尼加拉瓜	中低等收入国家	5.805580356	6.372167533	7.266535057	7.746932912	7.429396054	8.137245386	8.575537043	9.193145407	10.38566821	11.90022662	11.29821284	12.49414695	13.73465392	14.96218154	15.91931335	17.50343813	18.11181063	18.79284441	18.8074234	18.03462089	17.10600603
尼泊尔	中低等收入国家	4.464606328	4.857391053	5.225714286	4.969840643	4.993325257	5.647459639	6.191367536	6.614614371	7.401596028	8.79548667	8.513043309	9.515401953	12.12182864	12.55573073	12.74418834	12.75741013	13.04777736	11.98784424	14.06765923	16.24608553	17.02964554
巴基斯坦	中低等收入国家	90.76752614	83.82043972	84.52696668	84.79262748	99.57094075	126.6585027	152.4242894	177.9792036	202.1980994	251.4746629	213.8991545	231.6415979	295.3936535	314.49234	313.719943	330.9240426	346.0978105	336.635842	365.4362043	383.2722518	346.5827387
约旦河西岸和加沙	中低等收入国家	4.521	4.503	4.393	3.215	4.993	4.558	5.798	4.554	5.802	7.983	8.713	11.84	12.83	16.006	16.082	15.04	13.024	15.446	18.798	18.795	19.249
萨尔瓦多	中低等收入国家	21.856186	23.019344	23.641848	23.910132	23.9668	24.09745	24.4365	26.1607	27.6038	30.3333	28.4775	29.7767	32.9546	34.5888	35.1357	36.3218	38.4094	39.3973	40.1781	40.821	41.7207
斯威士兰	中低等收入国家	4.973729438	5.885940373	5.285358284	4.826468356	7.255395191	9.401424701	10.88078861	11.35195319	12.21752548	11.39663281	12.45689899	14.43867508	15.2757691	15.15754178	13.62812586	13.55268661	12.88616752	11.91799274	13.1254355	13.54812245	13.2651519
塔吉克斯坦	中低等收入国家	2.128917434	0	0	0	0	0	0	0	0	0	0	0	6.302763438	7.229246259	7.794593006	6.941631562	8.877675196	7.955766556	9.650631016	10.27231401	11.14989927
东帝汶	中低等收入国家	0	0.093009	0.11929	0.120879	0.128807	0.110271	0.113352	0.113825	0.112273	0.109291	0.100741	0.089002	0.094815	0.091956	0.100658	0.112066	0.154523	0.180328	0.247469	0.263287	0.295631
坦桑尼亚	中低等收入国家	12.99730281	13.18620149	12.85589088	13.24683372	14.27404667	15.32555772	16.60790455	16.45162275	19.26034462	24.43341117	25.20392693	27.74300243	33.09305745	37.42309532	41.61905438	45.56843202	37.21856624	38.89201558	40.83832759	46.02379038	51.88380021
乌克兰	中低等收入国家	86.0013529	50.99261057	58.68468569	67.16104081	82.55855383	106.78699	150.1395204	191.9188119	251.5762376	277.0352369	161.3012116	179.8225717	194.1299764	217.6348392	206.499437	163.2496824	108.3521403	114.0728652	135.3056406	151.2718516	166.4608289
瓦努阿图	中低等收入国家	0.11969785	0.122781131	0.115956989	0.110418015	0.129062143	0.147240361	0.150028651	0.158711795	0.160585723	0.151084234	0.174347578	0.334551699	0.333746138	0.281095669	0.258296533	0.270006603	0.265072136	0	0	0	0
津巴布韦	中低等收入国家	9.053507	8.956503	8.909124	7.529196	6.968612	8.098511	8.703525	8.717414	8.518676	7.212837	10.661866	11.088092	12.934847	24.035072	24.663797	24.54635	23.733354	23.828288	19.37328945	12.63431627	0
阿尔巴尼亚	中高等收入国家	1.45586966	1.502774151	1.607654183	1.768169833	2.314286613	3.001455139	3.563741172	4.363504221	5.655607396	6.437792182	6.260070479	6.502701163	7.298606087	5.684898534	6.464524194	7.045073948	6.458039229	6.742408925	8.017716205	9.312227519	9.58492396
亚美尼亚	中高等收入国家	0	0	0	0	0	0	0	0	0	0	0	0	0	10.00845272	10.768443	11.22222602	9.715583186	10.84633088	12.25498657	14.04249051	16.05103892
阿塞拜疆	中高等收入国家	2.768203883	2.790567725	3.531622463	4.633820202	6.284492414	7.190393813	8.593188069	12.11327513	16.47243911	22.98807205	24.47499378	25.43982058	26.30365962	29.5188391	31.26577438	35.41756981	26.48838571	18.66892273	19.20462468	21.76705882	24.10411765
波斯尼亚和黑塞哥维那	中高等收入国家	5.013769063	4.679152143	4.911713031	5.591766121	7.272181189	9.93924127	11.15872067	12.88749278	17.05854444	21.04748352	18.45496839	18.69659376	20.35260502	18.16590461	19.88204467	20.30318817	18.91947831	20.92049658	23.71209519	26.69339167	26.13741629
白俄罗斯	中高等收入国家	34.26670683	34.45048815	32.86330935	37.89893914	47.51730863	66.07777778	76.55246054	92.38508159	112.7721342	159.1053371	114.2499105	128.8083249	163.1778894	162.7875735	166.1295045	166.1991393	116.5471556	96.17159228	118.3687833	127.6138594	139.3818721
博茨瓦纳	中高等收入国家	3.050990399	3.257085734	3.206019311	3.294351907	4.285765571	4.975092374	4.909367757	5.356647857	6.852475239	6.267703789	6.516062669	8.166937264	8.882776462	8.537608403	8.673889795	8.623228796	8.334173759	8.127083349	8.905123316	9.602610196	9.624994933
中国	中高等收入国家	0	0	0	0	0	6252.23573	7336.561637	8931.308316	11497.20025	14756.64386	16119.4625	19243.24261	24213.72746	26900.90775	29353.40069	31842.35114	32025.04409	31531.18069	34603.25199	38684.57704	38234.13526
哥斯达黎加	中高等收入国家	26.62451819	27.501281	27.84235708	28.83596108	29.53856057	31.43059905	33.80353241	37.44879247	43.36803436	46.61614617	43.51440218	54.88988176	61.1340424	65.5475586	65.43279667	63.9172534	65.512595	68.29293201	71.00953529	74.76680209	76.05177776
古巴	中高等收入国家	47.127	50.197	50.912	51.58	51.102	52.629	59.230267	70.791	85.036	89.156	93	100.55	105.83	117.78	121.38	121.69	129.9	126.55	130.75	130.52	0
多米尼克	中高等收入国家	0.207333333	0.228925926	0.241777778	0.289	0.180222222	0.169666667	0.145555556	0.161555556	0.146444444	0.107925926	0.113407407	0.11662963	0.133111111	0.149592593	0.154185185	0.158037037	0.215666667	0.150814815	0.099962963	0.119074074	0.129888889
多米尼加共和国	中高等收入国家	47.97700304	50.98090332	50.34407237	55.27152237	46.5630429	48.16414652	65.7651803	66.45548736	71.35265836	77.97629704	74.19121	82.23973355	87.46462922	90.9801013	91.46371307	97.72344455	104.6297136	109.1571059	112.76407	120.9370982	122.3725813
厄瓜多尔	中高等收入国家	41.78144072	41.01641821	46.33641	50.16198	52.60762	55.24927	58.64209	63.86841	70.03937	84.64608	86.77243	93.21734	103.38482	113.90409	124.07628	140.02443	143.21156	145.41423	149.83046	150.00385	158.58208
加蓬	中高等收入国家	2.203998674	1.892403352	1.276492266	1.426987406	1.736945191	2.161460012	12.3903384	11.84352375	15.92004491	22.14679372	23.04555416	24.54904973	34.87784151	28.33368129	30.19854708	31.66290038	24.00113937	24.48011296	26.30937016	67.30290226	67.60519977
格鲁吉亚	中高等收入国家	3.574709805	3.743991905	3.937771346	4.348043904	5.201565923	6.264085977	7.753627186	8.611547967	11.13738402	13.36195331	10.68961389	11.1889132	14.82122739	15.65009387	16.35024648	16.93209492	13.25607015	11.79574936	13.96413628	15.5483209	15.49900642
格林纳达	中高等收入国家	0.228975185	0.235821111	0.234597778	0.235907407	0.229817407	0.201387037	0.20141963	0.236404815	0.272685185	0.2737	0.255705185	0.266234074	0.262985185	0.259707778	0.284861111	0.311797778	0.340902963	0.355997778	0.346777778	0.373740741	0.409407407
危地马拉	中高等收入国家	24.54123367	25.40511374	36.79163159	38.45148037	40.48242806	45.25350569	50.89313654	56.61781522	62.4052886	72.26071521	70.36737208	77.03453027	88.86258073	96.3448292	76.402053	81.4367916	89.08997492	93.7342044	101.3221124	102.2318744	106.3036301
牙买加	中高等收入国家	8.855763443	8.416054641	8.217617504	8.185121004	7.811966907	8.361003445	8.715701654	9.084797221	9.842149838	11.02119132	9.9502697	10.24678856	11.39166526	11.97230867	11.65213615	11.29828863	11.29035016	10.80370918	11.41332166	12.07070609	12.2505759
约旦	中高等收入国家	10.72947814	11.38445698	12.14643159	13.93070522	15.2696615	18.5277292	20.11777151	25.59633286	32.36272214	47.93224461	49.39053803	51.35489014	57.00662535	59.43777465	66.41669014	69.45021127	70.8520169	71.82816901	74.73803239	76.83587183	78.77927606
哈萨克斯坦	中高等收入国家	23.77377465	30.17819892	36.43030535	35.71352799	43.83857549	57.45276583	68.78485852	94.22742911	120.4893508	157.1126824	125.3653472	167.609114	213.5568078	230.4790343	251.660227	228.4619823	189.4666626	155.538254	188.1595609	204.9609145	208.306214
圣卢西亚	中高等收入国家	0	0	0	0	0	0	0	0.521301111	0.592550741	0.540954444	0.498191852	0.49999	0.548357778	0.545345926	0.504298519	0.509421852	0.539817037	0.586882222	0.61952	0.664193333	0.724434444
黑山	中高等收入国家	0	0.913503279	1.340748701	1.336264048	1.495702816	1.809920536	1.849098371	2.113561661	1.877840131	2.332898784	1.884968047	1.88622564	2.25938196	1.666285494	1.80564484	1.782489704	1.657849773	1.635056453	1.868447808	2.193682097	2.060803851
毛里求斯	中高等收入国家	8.752052665	9.208105876	9.246257892	9.229760397	10.48705131	11.53703173	10.9610362	11.12270997	12.60566461	15.2958584	13.61022284	14.16951443	15.97160171	15.92513981	16.86798331	17.39751385	15.24273534	15.16689464	15.65046285	16.07510951	15.38499848
马来西亚	中高等收入国家	244.8552632	289.4684211	272.1947368	294.9368421	329.8210526	378.9657895	395.4318608	448.4760918	505.5969281	566.8954973	481.3760817	597.6001987	694.8300654	727.5641026	738.3890317	773.2805769	671.8192293	656.6445387	697.1385987	772.4113281	781.9776077
纳米比亚	中高等收入国家	3.394188943	3.820108736	3.423143803	3.155421678	5.613412587	7.00043754	7.602136493	10.07669056	11.9092215	9.702818672	11.4996953	14.05984036	16.85307107	15.89821478	12.4265642	12.32171316	12.94158398	12.52199083	15.75793316	16.82734353	15.5628776
塞尔维亚	中高等收入国家	42.35938773	18.64716564	32.14506147	38.44157377	45.38811921	53.54934962	54.08093978	60.33950001	76.70620237	89.59177008	67.37229323	63.9980239	75.01171363	68.51894836	78.00579857	70.42228237	58.56363396	60.27147349	66.6515898	73.56729367	70.33957374
苏里南	中高等收入国家	0.700302326	1.347484848	1.065091743	1.478131915	1.637896963	2.245793709	2.994472307	6.09396071	6.896174863	8.943533698	7.85428051	9.168062942	9.204406365	10.6030303	9.666666667	8.56969697	5.891649838	4.445621809	8.480574809	8.521273032	7.280772325
泰国	中高等收入国家	356.8894343	358.6435912	334.7462071	382.9593041	450.4539034	508.6414535	560.6681734	669.0019006	804.2739772	890.312878	829.9791751	1055.053542	1075.222766	1112.081163	1159.644275	1123.177483	1098.511725	1122.050974	1232.839911	1353.585555	1394.853064
土耳其	中高等收入国家	512.6762918	513.1008829	357.3946916	406.8115287	538.3131654	692.9727282	855.8566687	950.3057844	1144.964762	1253.125961	984.1417723	1169.682218	1379.653263	1394.250855	1559.256941	1574.782901	1443.079141	1443.295291	1511.131713	1481.940585	1391.792296
图瓦卢	中高等收入国家	0.006636557	0.001037801	0.001007551	0.001357166	0.002234256	0.002033387	0.001804506	0.002025602	0.002100243	0.003187385	0.002885665	0.003494772	0.004022692	0	0	0	0	0	0	0	0
科索沃	中高等收入国家	0	0	0	0	0	0	0	0	0	6.291387139	6.824826341	6.485483229	6.875	7.056404985	7.767299774	7.649794075	6.943304116	7.369935798	7.908947131	8.993859235	9.277866099
南非	中高等收入国家	233.0763565	238.2691144	213.5273893	204.365934	303.1263632	383.8816044	419.0948689	398.3888356	430.0550714	413.6166659	403.1981307	489.9456373	499.5014529	464.3990792	425.5558975	422.7104808	381.8331543	356.4043294	419.8611873	432.9298242	414.0050109
阿鲁巴	高收入国家	0.620111732	0.734804469	0.740391061	0.745977654	0.751564246	0.757150838	0.76273743	0.768324022	0.773910615	0.779497207	0.785083799	0	0	0	0	0	0	0	0	0	0
阿拉伯联合酋长国	高收入国家	72.26412526	94.65486726	137.5466304	143.4581348	152.4792376	170.1810756	191.5997277	214.4969367	232.7842069	271.3165419	233.1463581	230.3689585	270.1211709	287.2430225	293.7644656	312.9773585	316.3512594	320.7842069	353.0030731	368.7413018	367.271286
安提瓜和巴布达	高收入国家	0.129407407	0.134814815	0.139296296	0.148	0.163111111	0.170666667	0.183259259	0.210444444	0.222444444	0.21762963	0.253185185	0.247703704	0.255555556	0.253185185	0.32362963	0.344296296	0.35862963	0.391814815	0.36562963	0.397407407	0.380518519
奥地利	高收入国家	388.5656297	358.4701493	361.9392394	378.2501412	456.7422122	521.6614105	550.042532	598.8648852	705.6167534	749.4636004	654.7617394	645.7804912	715.4704125	683.9908475	709.4297101	731.9462682	637.2549095	674.3422696	700.8814599	767.9955936	739.5646025
百慕大	高收入国家	0	0	0.77586	0.84077	0.71565	0.78134	0.8021	0	0	0	0	0.56755	0.44426	0.38139	0.33436	0.30792	0.34216	0.29743	0.33116	0.3521	0.38297
加拿大	高收入国家	1158.477485	1267.934819	1185.233729	1194.908558	1313.15395	1467.709454	1569.004786	1660.075811	1748.328833	1647.956888	1383.037355	1621.73512	1785.327707	1832.053824	1770.608527	1702.12707	1552.683314	1516.993812	1597.243813	0	0
智利	高收入国家	122.5830094	131.4279679	124.4395433	122.617422	128.8331406	158.2629674	175.731369	199.4854405	207.5579835	200.204881	193.6908123	235.4200516	277.7680563	288.6380724	309.4391207	294.9042497	284.4387115	274.8770684	288.0141347	313.6695466	283.2888129
开曼群岛	高收入国家	0	0	0	0	0	0	0	0.328522741	0.368287532	0.380116405	0.352295692	0.315175807	0.315911436	0.335719429	0.349771991	0.377111484	0.391308052	0.422061682	0.438699148	0.492694108	0
德国	高收入国家	4387.225655	3992.380689	3954.541387	4093.78882	4952.21219	5627.886764	5711.453799	6181.809058	7134.683822	7478.541087	6008.432898	6689.191136	7576.061998	7109.874718	7437.564508	7854.99345	6829.233959	7164.50036	7507.177553	7965.874134	7541.966941
法罗群岛	高收入国家	0.810326539	0.694040653	0.877829577	0.917197614	1.015832536	1.105306204	1.024362587	1.136409498	1.227473961	1.289107707	1.285231957	1.272381359	1.371095423	1.382995252	1.419974004	1.818262806	1.60971477	1.28585647	1.684108498	1.581572863	1.977239332
克罗地亚	高收入国家	37.7223989	36.37196582	38.04536836	41.22003142	51.95848164	63.03936437	65.45394064	70.17326282	84.09749287	95.62192483	83.75785163	78.44364675	85.96242451	77.48075018	74.40559444	74.3694673	64.08625456	67.47820504	71.76058689	76.65441384	72.88361013
马恩岛	高收入国家	0	0	0	0	0	0	0	0	0	0	0	0	0	2.402448657	2.239237142	2.046437387	1.898762414	1.650202538	1.452290862	1.618118746	0
爱尔兰	高收入国家	232.634072	231.0961765	275.8600268	342.2998965	383.8001467	409.9032282	414.9563114	430.8694267	484.7901588	481.692515	480.1729091	432.1518065	501.6239726	453.9063142	468.9245229	517.9250639	1017.308627	996.1837014	1075.517944	1270.998681	1277.612923
冰岛	高收入国家	10.75368637	10.53402272	11.06491204	10.90189763	12.63597544	14.6461348	14.75653388	15.94900356	17.13646273	19.86405235	14.30310252	17.8353029	20.11888801	17.31214631	18.8306707	20.47889884	18.73793376	19.36841103	22.00364861	22.64978658	21.43265085
以色列	高收入国家	192.7756432	222.1397101	200.5996647	179.7833024	190.3227268	198.4951896	216.4831785	240.4899098	284.4207225	330.1438406	295.3736643	335.2207463	366.2114049	365.5933273	381.5157352	393.0091408	390.8690982	386.0689577	406.8417115	407.1934469	429.0622069
意大利	高收入国家	2232.50586	2010.080155	2000.559284	2135.586298	2539.17833	2866.445245	2888.227832	3039.800527	3526.617848	3711.09272	3005.01945	3036.563577	3257.846507	2890.523571	2972.149917	3017.657221	2642.845135	2774.498382	2918.570573	3138.935057	2984.267161
卢森堡	高收入国家	21.22266141	20.47568638	19.43320805	20.23873518	26.00919865	29.30562453	29.60016167	30.29769163	41.32673145	38.82740589	24.55547374	27.89200821	29.6546246	27.01689949	30.16285341	26.12777885	26.7613821	32.26645636	32.06199311	36.45959266	32.35511945
拉脱维亚	高收入国家	10.20581312	10.82982619	11.37578912	12.94361073	14.54853032	17.69037336	19.38686994	22.77386506	31.11787717	34.43243678	25.66840423	28.45400124	33.29576017	32.69304791	33.9297729	32.91763065	28.5273935	28.53174529	31.8098851	36.32947962	35.42961066
荷兰	高收入国家	609.2797784	556.0807076	565.8881432	591.5113872	704.7968397	806.121182	842.7931849	874.796136	1017.382973	1086.245789	911.7810503	886.2783576	976.6940555	900.6498303	902.1864386	923.1148023	826.6207421	850.2103251	919.3513308	1010.17914	980.6820601
挪威	高收入国家	164.3206996	151.4906042	155.050769	173.9459906	202.4759188	225.6215879	251.8960031	286.7961892	332.231264	357.7907801	283.7205604	308.3683993	336.4749565	337.0107434	345.9489362	339.2769109	265.1929317	242.027381	254.9873061	262.0399631	256.0238636
帕劳	高收入国家	0	0.040712	0.052116	0.074124	0.028943	0.014408	0.0152	0.014519	0.014367	0.018168	0.015945	0.014912	0.016867	0.020871	0.023145	0.024259	0.026465	0.028068	0.028043	0.028806	0
波兰	高收入国家	285.629301	276.4593544	277.635018	284.8382353	338.0036512	419.1272966	490.112811	561.8297242	700.2384479	858.9531795	718.0731387	736.0295825	829.4653706	801.1361892	814.7092324	897.0898716	835.0523942	849.3278888	885.4655624	982.5769849	991.4582452
新加坡	高收入国家	197.1663717	248.462877	210.0725568	228.9165643	241.8229824	311.9689978	346.0616438	395.0298949	431.0516887	398.5631493	393.6122379	498.1760176	547.040865	564.1129871	542.5157836	566.7248047	557.1588595	559.7213174	639.1845898	784.1244069	728.3440844
斯洛文尼亚	高收入国家	49.97394858	43.94737409	45.78140178	50.59961097	64.2908018	73.78527653	74.61714961	80.82125204	97.81335888	106.669606	86.26480967	84.18116012	93.81870732	87.24711327	92.73735444	97.98001647	85.91914825	90.22042117	99.71596479	109.9186238	111.9333792
圣马丁(荷属)	高收入国家	0	0	0	0	0	0	0	0	0	0	0	0	0.14301676	0.11396648	0.096089385	0.097765363	0.096648045	0.087709497	0.077653631	0	0
塞舌尔	高收入国家	0.942255498	1.1811754	1.117883056	1.273722628	1.153924491	0.642735273	0.803598364	0.911029223	0.989499634	0.898902001	0.663016995	0.779056829	0.778863177	0.893445738	0.958312696	0.87311613	0.8243052	0.820907385	0.904159407	1.069829565	0.979370791
乌拉圭	高收入国家	32.1994841	28.57166501	26.48794859	17.7974717	17.91294891	20.39620151	25.78812726	28.47517081	32.15475881	45.38802299	46.91704023	54.49815043	61.07251313	62.40494604	64.81599797	69.5034202	70.54935684	62.73402963	64.7562386	69.94029374	63.92567083
美国	高收入国家	14882.56019	15498.34603	14732.45581	14704.47377	15257.89278	16097.9276	16938.60366	17950.86802	18473.04576	18031.62351	16950.72536	17889.54408	18576.82037	19197.02813	19817.53561	20423.39457	21217.85039	20940.7221	21749.38772	23080.55081	23418.47481
